1 9.53353937141
2 9.34769439282
3 8.63922458493
4 8.50471799821
5 7.60321583687
6 6.3618535213
7 5.39566498619
8 5.06299220683
9 5.02294826117
10 4.98906492253
11 4.23952440114
12 3.98385920959
13 2.63365950325
14 2.51866150545
15 2.35745895496
16 1.92108262401
17 1.7403714846
18 1.55555327385
19 1.55452650601
20 1.06886531886
21 0.607846559814
22 0.500035936874
23 0.356288439621
24 0.350127832596
25 0.326512172333
26 0.31521772612
27 0.272093476944
28 0.251558120193
29 0.246424281006
30 0.193032353455
31 0.181737907242
32 0.166336389679
33 0.159149014816
34 0.157095479141
35 0.138613658066
36 0.132453051041
37 0.125265676178
38 0.125265676178
39 0.113971229965
40 0.110890926453
41 0.108837390778
42 0.0944626410522
43 0.0913823375397
44 0.0811146591644
45 0.0800878913269
46 0.0677666772766
47 0.0677666772766
48 0.0564722310638
49 0.0492848562012
50 0.0472313205261
51 0.0472313205261
52 0.0359368743133
53 0.0359368743133
54 0.0297762672882
55 0.0287494994507
56 0.0266959637756
57 0.0266959637756
58 0.0236156602631
59 0.0205353567505
60 0.019508588913
61 0.0154015175629
62 0.0143747497253
63 0.0112944462128
64 0.0102676783752
65 0.00924091053772
66 0.00924091053772
67 0.0041070713501
68 0.00308030351257
69 0.00308030351257
70 0.00308030351257
71 0.00205353567505
72 0.00205353567505
73 0.00205353567505
74 0.00205353567505
75 0.00102676783752
76 0.00102676783752
77 0.00102676783752
78 0.00102676783752
79 0.00102676783752
