1 10.6235327261
2 8.84824866185
3 7.40257301155
4 5.76110432904
5 5.7028828998
6 5.5352615269
7 5.46436285097
8 4.94271762607
9 3.82618086205
10 3.34538454315
11 3.19701380411
12 2.93830406611
13 2.80683632266
14 2.37862710114
15 2.1213259461
16 1.81002911071
17 1.70814160954
18 1.67433561837
19 1.27054183491
20 1.17241055498
21 1.16395905719
22 1.16348952953
23 1.03624753498
24 0.904310263875
25 0.881772936426
26 0.673772185182
27 0.633392806836
28 0.581744764767
29 0.506150812283
30 0.499107897455
31 0.465301906282
32 0.450746548972
33 0.439947412903
34 0.436191191661
35 0.43243497042
36 0.42069677904
37 0.416001502488
38 0.360597239177
39 0.350267630763
40 0.342285660625
41 0.307540614142
42 0.305662503521
43 0.27467367828
44 0.266222180486
45 0.226781857451
46 0.224903746831
47 0.21034838952
48 0.206122640624
49 0.204244530003
50 0.203305474692
51 0.202835947037
52 0.201427364072
53 0.175603343037
54 0.170908066485
55 0.170908066485
56 0.15776129214
57 0.146962156071
58 0.121607662691
59 0.11785144145
60 0.115973330829
61 0.110808526622
62 0.109869471312
63 0.101887501174
64 0.100948445863
65 0.0676119823458
66 0.0676119823458
67 0.0676119823458
68 0.0671424546906
69 0.0615081228284
70 0.0610385951733
71 0.0586909568974
72 0.05258709738
73 0.049769931449
74 0.0450746548972
75 0.044605127242
76 0.0356841017936
77 0.0338059911729
78 0.0277021316556
79 0.0206592168279
80 0.0173725232416
81 0.0159639402761
82 0.0140858296554
83 0.0140858296554
84 0.0117381913795
85 0.00986008075876
86 0.00563433186215
87 0.00563433186215
88 0.00516480420697
89 0.00516480420697
90 0.00516480420697
91 0.00140858296554
92 0.000939055310358
93 0.000939055310358
94 0.000469527655179
95 0.000469527655179
96 0.000469527655179
97 0.000469527655179
98 0.000469527655179
