1 11.6296827637
2 8.51285373811
3 7.53407224009
4 7.07360529421
5 6.25216928523
6 6.09250989194
7 5.98838420066
8 5.2317375107
9 4.96332461763
10 4.19973621492
11 3.76703612005
12 2.92708887706
13 2.58231714372
14 2.5082722077
15 2.28613739963
16 2.10102505958
17 2.00152717681
18 1.99921327255
19 1.64287201796
20 1.37677302913
21 1.23793877409
22 0.992664923525
23 0.851516764236
24 0.499803318139
25 0.391049818359
26 0.365596871601
27 0.349399541847
28 0.337830020594
29 0.32394659509
30 0.291551935581
31 0.261471180323
32 0.245273850568
33 0.236018233565
34 0.194367957054
35 0.187426244302
36 0.178170627299
37 0.166601106046
38 0.164287201796
39 0.159659393294
40 0.157345489044
41 0.150403776292
42 0.148089872041
43 0.14577596779
44 0.127264733785
45 0.122636925284
46 0.120323021033
47 0.118009116783
48 0.104125691279
49 0.104125691279
50 0.0717310317699
51 0.0601615105167
52 0.0578476062661
53 0.0555337020154
54 0.0532197977648
55 0.0509058935141
56 0.032394659509
57 0.032394659509
58 0.0300807552583
59 0.0254529467571
60 0.0231390425064
61 0.0208251382558
62 0.0185112340051
63 0.0161973297545
64 0.0138834255039
65 0.00694171275193
66 0.00694171275193
67 0.00462780850128
68 0.00462780850128
69 0.00462780850128
70 0.00231390425064
71 0.00231390425064
72 0.00231390425064
