1 10.7052252272
2 10.6443602988
3 9.12435297349
4 8.65574688808
5 6.53678557771
6 6.26208545867
7 5.66797912279
8 5.43421470777
9 4.87296466064
10 4.0154693871
11 3.34649380309
12 2.75184883953
13 2.37857985425
14 2.2078348783
15 2.15720387596
16 1.81248215796
17 1.28301114421
18 1.25284799388
19 1.25177073851
20 1.13219539258
21 1.04386045234
22 0.826793495532
23 0.70129324507
24 0.638812433681
25 0.598953985037
26 0.352262505588
27 0.286011300409
28 0.242382457974
29 0.241305202605
30 0.211680679964
31 0.198214987854
32 0.190674200273
33 0.189058317219
34 0.169667720582
35 0.167513209844
36 0.163204188369
37 0.152431634681
38 0.149738496259
39 0.145968102469
40 0.143274964047
41 0.126577505831
42 0.124961622777
43 0.123884367409
44 0.108264164562
45 0.106109653824
46 0.101800632349
47 0.0974916108738
48 0.0937212170831
49 0.0732533650765
50 0.0700215989701
51 0.0603263006512
52 0.0511696300166
53 0.0500923746479
54 0.0457833531728
55 0.0414743316977
56 0.0350107994851
57 0.0339335441163
58 0.03070177801
59 0.03070177801
60 0.0301631503256
61 0.0301631503256
62 0.021006479691
63 0.0204678520067
64 0.0193905966379
65 0.0145429474784
66 0.014004319794
67 0.0123884367409
68 0.0107725536877
69 0.0102339260033
70 0.00915667063456
71 0.00807941526579
72 0.00700215989701
73 0.00700215989701
74 0.00646353221263
75 0.00592490452824
76 0.00592490452824
77 0.00538627684386
78 0.00538627684386
79 0.00538627684386
80 0.00538627684386
81 0.00538627684386
82 0.00484764915947
83 0.0037703937907
84 0.0037703937907
85 0.00215451073754
86 0.00215451073754
87 0.00215451073754
88 0.00107725536877
89 0.00107725536877
90 0.00107725536877
91 0.00107725536877
92 0.00107725536877
93 0.000538627684386
94 0.000538627684386
95 0.000538627684386
96 0.000538627684386
97 0.000538627684386
98 0.000538627684386
99 0.000538627684386
100 0.000538627684386
