1 11.3796785872
2 7.80090120595
3 6.91532310577
4 6.37876696273
5 6.26155809653
6 6.24332560623
7 5.88128044175
8 5.362956789
9 4.56854114031
10 3.65431198396
11 3.35738285625
12 2.70622248847
13 2.52650222697
14 2.40408407783
15 2.26343343839
16 2.14622457219
17 1.94306253744
18 1.73469121975
19 1.55497095825
20 1.31273930144
21 0.948089495481
22 0.737113536322
23 0.653765009246
24 0.596462896882
25 0.5678118407
26 0.52092829422
27 0.476649389212
28 0.455812257443
29 0.411533352434
30 0.390696220665
31 0.369859088896
32 0.356835881541
33 0.35423124007
34 0.35423124007
35 0.302138410648
36 0.28390592035
37 0.278696637408
38 0.273487354466
39 0.265673430052
40 0.26046414711
41 0.250045581226
42 0.23702237387
43 0.226603807986
44 0.21358060063
45 0.210975959159
46 0.208371317688
47 0.200557393275
48 0.179720261506
49 0.174510978564
50 0.158883129737
51 0.153673846795
52 0.151069205324
53 0.151069205324
54 0.151069205324
55 0.138045997968
56 0.138045997968
57 0.138045997968
58 0.130232073555
59 0.122418149142
60 0.114604224728
61 0.114604224728
62 0.109394941786
63 0.106790300315
64 0.104185658844
65 0.078139244133
66 0.0703253197197
67 0.0625113953064
68 0.0599067538353
69 0.0599067538353
70 0.0573021123642
71 0.0546974708931
72 0.0442789050087
73 0.0442789050087
74 0.0442789050087
75 0.0416742635376
76 0.0390696220665
77 0.0338603391243
78 0.0312556976532
79 0.0286510561821
80 0.0286510561821
81 0.0234417732399
82 0.0182324902977
83 0.0052092829422
84 0.0052092829422
85 0.0052092829422
86 0.0052092829422
87 0.0052092829422
88 0.0052092829422
89 0.0052092829422
90 0.0026046414711
91 0.0026046414711
